6500 1650973524528 vbjhg 1
6500 1650973524528 vbjhg 1
6500 1650973524528 vbjhg 1
6500 1650973524528 vbjhg 1
6500 1650973524528 vbjhg 1
1030 1650982994827 af 0
1030 1650982994827 af 0
1030 1650982994827 af 0
150 1650984006382 asf 0
150 1650984006382 asf 0
140 2650683663846 jksfd 1
140 2650683663846 jksfd 1
93 1650683590745 jk 2
93 2650683590745 jk 1
93 1650683590745 jk 2
93 2650683590745 jk 1
93 1650683590745 jk 2
93 2650683590745 jk 1
93 1650683590745 jk 2
93 2650683590745 jk 1
93 1650683590745 jk 2
93 2650683590745 jk 1
93 1650683590745 jk 2
93 1650683590745 jk 2
93 2650683590745 jk 1
93 1650683590745 jk 2
93 2650683590745 jk 1
93 1650683590745 jk 2
93 2650683590745 jk 1
93 1650683590745 jk 2
93 2650683590745 jk 1
93 1650683590745 jk 2
93 2650683590745 jk 1
93 1650683590745 jk 2
93 2650683590745 jk 1
93 1650683590745 jk 2
93 2650683590745 jk 1
93 1650683590745 jk 2
93 2650683590745 jk 1
93 1650683590745 jk 2
93 2650683590745 jk 1
90 1650680599745 fjsdl 2
90 2650680599745 fjsdl 1
90 3650680599745 fjsdl 0
90 1650680599745 fjsdl 2
90 1650680599745 fjsdl 2
90 2650680599745 fjsdl 1
90 3650680599745 fjsdl 0
90 1650680599745 fjsdl 2
90 2650680599745 fjsdl 1
90 3650680599745 fjsdl 0
90 1650680599745 fjsdl 2
90 1650680599745 fjsdl 2
90 2650680599745 fjsdl 1
90 3650680599745 fjsdl 0
90 1650680599745 fjsdl 2
90 2650680599745 fjsdl 1
90 3650680599745 fjsdl 0
90 1650680599745 fjsdl 2
90 1650680599745 fjsdl 2
90 2650680599745 fjsdl 1
90 3650680599745 fjsdl 0
90 1650680599745 fjsdl 2
90 2650680599745 fjsdl 1
90 3650680599745 fjsdl 0
90 1650680599745 fjsdl 2
90 1650680599745 fjsdl 2
90 2650680599745 fjsdl 1
90 3650680599745 fjsdl 0
90 1650680599745 fjsdl 2
90 2650680599745 fjsdl 1
90 3650680599745 fjsdl 0
90 1650680599745 fjsdl 2
90 1650680599745 fjsdl 2
90 2650680599745 fjsdl 1
90 3650680599745 fjsdl 0
80 1650984060457 asd 1
70 1650983868835 asdf 1
70 1650983868835 asdf 1
70 1650983868835 asdf 1
70 1650983868835 asdf 1
70 1650983868835 asdf 1
60 1650984042331 fads 1
9 1650683599745 difs 2
9 2650683599745 difs 1
9 3650683599745 difs 0
9 1650683599745 difs 2
9 2650683599745 difs 1
9 3650683599745 difs 0
9 1650683599745 difs 2
9 2650683599745 difs 1
9 3650683599745 difs 0
9 1650683599745 difs 2
9 2650683599745 difs 1
9 3650683599745 difs 0
9 1650683599745 difs 2
9 2650683599745 difs 1
9 3650683599745 difs 0
0 1650683886677 dgfafsad 2
0 1650683907944 sdf 1
0 1650683970459 null 1
0 1650983745255 kjfdsa 2
0 1650983782484 saf 1
0 1650983825536 sdfa 0
0 1650683886677 dgfafsad 2
0 1650683907944 sdf 1
0 1650683970459 null 1
0 1650983745255 kjfdsa 2
0 1650983782484 saf 1
0 1650983825536 sdfa 0
0 1650683886677 dgfafsad 2
0 1650683907944 sdf 1
0 1650683970459 null 1
0 1650983745255 kjfdsa 2
0 1650983782484 saf 1
0 1650983825536 sdfa 0
0 1650683886677 dgfafsad 2
0 1650683907944 sdf 1
0 1650683970459 null 1
0 1650983745255 kjfdsa 2
0 1650983782484 saf 1
0 1650983825536 sdfa 0
0 1650683886677 dgfafsad 2
0 1650683907944 sdf 1
0 1650683970459 null 1
0 1650983745255 kjfdsa 2
0 1650983782484 saf 1
0 1650983825536 sdfa 0
